north_latitude,south_latitude,west_longitud,east_longitude
40.6910569858,40.680396,-73.9176609858,-73.907
40.6910569858,40.680396,-73.9283219715,-73.9176609858
40.6910569858,40.680396,-73.9389829573,-73.9283219715
40.6910569858,40.680396,-73.9496439431,-73.9389829573
40.6910569858,40.680396,-73.9603049288,-73.9496439431
40.6910569858,40.680396,-73.9709659146,-73.9603049288
40.6910569858,40.680396,-73.9816269004,-73.9709659146
40.6910569858,40.680396,-73.9922878862,-73.9816269004
40.6910569858,40.680396,-74.0029488719,-73.9922878862
40.6910569858,40.680396,-74.0136098577,-74.0029488719
40.6910569858,40.680396,-74.0242708435,-74.0136098577
40.6910569858,40.680396,-74.0349318292,-74.0242708435
40.6910569858,40.680396,-74.045592815,-74.0349318292
40.6910569858,40.680396,-74.0562538008,-74.045592815
40.7009384539,40.6910569858,-73.9283236771,-73.9176609858
40.7009384539,40.6910569858,-73.9389863683,-73.9283236771
40.7009384539,40.6910569858,-73.9496490596,-73.9389863683
40.7009384539,40.6910569858,-73.9603117509,-73.9496490596
40.7009384539,40.6910569858,-73.9709744422,-73.9603117509
40.7009384539,40.6910569858,-73.9816371335,-73.9709744422
40.7009384539,40.6910569858,-73.9922998247,-73.9816371335
40.7009384539,40.6910569858,-74.002962516,-73.9922998247
40.7009384539,40.6910569858,-74.0136252073,-74.002962516
40.7009384539,40.6910569858,-74.0242878986,-74.0136252073
40.7009384539,40.6910569858,-74.0349505899,-74.0242878986
40.7009384539,40.6910569858,-74.0456132811,-74.0349505899
40.7009384539,40.6910569858,-74.0562759724,-74.0456132811
40.710819922,40.7009384539,-73.9283269642,-73.9176626913
40.710819922,40.7009384539,-73.9389912371,-73.9283269642
40.710819922,40.7009384539,-73.94965551,-73.9389912371
40.710819922,40.7009384539,-73.9603197829,-73.94965551
40.710819922,40.7009384539,-73.9709840558,-73.9603197829
40.710819922,40.7009384539,-73.9816483287,-73.9709840558
40.710819922,40.7009384539,-73.9923126016,-73.9816483287
40.710819922,40.7009384539,-74.0029768745,-73.9923126016
40.710819922,40.7009384539,-74.0136411474,-74.0029768745
40.710819922,40.7009384539,-74.0243054203,-74.0136411474
40.710819922,40.7009384539,-74.0349696933,-74.0243054203
40.710819922,40.7009384539,-74.0456339662,-74.0349696933
40.710819922,40.7009384539,-74.0562982391,-74.0456339662
40.7207013901,40.710819922,-73.9283301282,-73.9176642729
40.7207013901,40.710819922,-73.9389959835,-73.9283301282
40.7207013901,40.710819922,-73.9496618389,-73.9389959835
40.7207013901,40.710819922,-73.9603276942,-73.9496618389
40.7207013901,40.710819922,-73.9709935495,-73.9603276942
40.7207013901,40.710819922,-73.9816594048,-73.9709935495
40.7207013901,40.710819922,-73.9923252601,-73.9816594048
40.7207013901,40.710819922,-74.0029911155,-73.9923252601
40.7207013901,40.710819922,-74.0136569708,-74.0029911155
40.7207013901,40.710819922,-74.0243228261,-74.0136569708
40.7207013901,40.710819922,-74.0349886814,-74.0243228261
40.7207013901,40.710819922,-74.0456545367,-74.0349886814
40.7207013901,40.710819922,-74.056320392,-74.0456545367
40.7305828583,40.7207013901,-73.9283332938,-73.9176658553
40.7305828583,40.7207013901,-73.9390007324,-73.9283332938
40.7305828583,40.7207013901,-73.9496681709,-73.9390007324
40.7305828583,40.7207013901,-73.9603356094,-73.9496681709
40.7305828583,40.7207013901,-73.9710030479,-73.9603356094
40.7305828583,40.7207013901,-73.9816704864,-73.9710030479
40.7305828583,40.7207013901,-73.9923379249,-73.9816704864
40.7305828583,40.7207013901,-74.0030053635,-73.9923379249
40.7305828583,40.7207013901,-74.013672802,-74.0030053635
40.7305828583,40.7207013901,-74.0243402405,-74.013672802
40.7305828583,40.7207013901,-74.035007679,-74.0243402405
40.7305828583,40.7207013901,-74.0456751175,-74.035007679
40.7305828583,40.7207013901,-74.056342556,-74.0456751175
40.7404643264,40.7305828583,-73.928336461,-73.9176674385
40.7404643264,40.7305828583,-73.9390054835,-73.928336461
40.7404643264,40.7305828583,-73.949674506,-73.9390054835
40.7404643264,40.7305828583,-73.9603435285,-73.949674506
40.7404643264,40.7305828583,-73.971012551,-73.9603435285
40.7404643264,40.7305828583,-73.9816815735,-73.971012551
40.7404643264,40.7305828583,-73.992350596,-73.9816815735
40.7404643264,40.7305828583,-74.0030196185,-73.992350596
40.7404643264,40.7305828583,-74.013688641,-74.0030196185
40.7404643264,40.7305828583,-74.0243576635,-74.013688641
40.7404643264,40.7305828583,-74.035026686,-74.0243576635
40.7404643264,40.7305828583,-74.0456957085,-74.035026686
40.7404643264,40.7305828583,-74.056364731,-74.0456957085
40.7503457945,40.7404643264,-73.9283396298,-73.9176690225
40.7503457945,40.7404643264,-73.9390102371,-73.9283396298
40.7503457945,40.7404643264,-73.9496808443,-73.9390102371
40.7503457945,40.7404643264,-73.9603514516,-73.9496808443
40.7503457945,40.7404643264,-73.9710220589,-73.9603514516
40.7503457945,40.7404643264,-73.9816926662,-73.9710220589
40.7503457945,40.7404643264,-73.9923632734,-73.9816926662
40.7503457945,40.7404643264,-74.0030338807,-73.9923632734
40.7503457945,40.7404643264,-74.013704488,-74.0030338807
40.7503457945,40.7404643264,-74.0243750953,-74.013704488
40.7503457945,40.7404643264,-74.0350457025,-74.0243750953
40.7503457945,40.7404643264,-74.0457163098,-74.0350457025
40.7503457945,40.7404643264,-74.0563869171,-74.0457163098
40.7602272626,40.7503457945,-73.9283428001,-73.9176706073
40.7602272626,40.7503457945,-73.939014993,-73.9283428001
40.7602272626,40.7503457945,-73.9496871858,-73.939014993
40.7602272626,40.7503457945,-73.9603593786,-73.9496871858
40.7602272626,40.7503457945,-73.9710315715,-73.9603593786
40.7602272626,40.7503457945,-73.9817037643,-73.9710315715
40.7602272626,40.7503457945,-73.9923759571,-73.9817037643
40.7602272626,40.7503457945,-74.00304815,-73.9923759571
40.7602272626,40.7503457945,-74.0137203428,-74.00304815
40.7602272626,40.7503457945,-74.0243925357,-74.0137203428
40.7602272626,40.7503457945,-74.0350647285,-74.0243925357
40.7602272626,40.7503457945,-74.0457369213,-74.0350647285
40.7602272626,40.7503457945,-74.0564091142,-74.0457369213
40.7701087308,40.7602272626,-73.928345972,-73.9176721928
40.7701087308,40.7602272626,-73.9390197512,-73.928345972
40.7701087308,40.7602272626,-73.9496935304,-73.9390197512
40.7701087308,40.7602272626,-73.9603673096,-73.9496935304
40.7701087308,40.7602272626,-73.9710410888,-73.9603673096
40.7701087308,40.7602272626,-73.981714868,-73.9710410888
40.7701087308,40.7602272626,-73.9923886472,-73.981714868
40.7701087308,40.7602272626,-74.0030624264,-73.9923886472
40.7701087308,40.7602272626,-74.0137362055,-74.0030624264
40.7701087308,40.7602272626,-74.0244099847,-74.0137362055
40.7701087308,40.7602272626,-74.0350837639,-74.0244099847
40.7701087308,40.7602272626,-74.0457575431,-74.0350837639
40.7701087308,40.7602272626,-74.0564313223,-74.0457575431
40.7799901989,40.7701087308,-73.9283491455,-73.9176737792
40.7799901989,40.7701087308,-73.9390245118,-73.9283491455
40.7799901989,40.7701087308,-73.9496998782,-73.9390245118
40.7799901989,40.7701087308,-73.9603752445,-73.9496998782
40.7799901989,40.7701087308,-73.9710506108,-73.9603752445
40.7799901989,40.7701087308,-73.9817259772,-73.9710506108
40.7799901989,40.7701087308,-73.9924013435,-73.9817259772
40.7799901989,40.7701087308,-74.0030767098,-73.9924013435
40.7799901989,40.7701087308,-74.0137520762,-74.0030767098
40.7799901989,40.7701087308,-74.0244274425,-74.0137520762
40.7799901989,40.7701087308,-74.0351028088,-74.0244274425
40.7799901989,40.7701087308,-74.0457781751,-74.0351028088
40.7799901989,40.7701087308,-74.0564535415,-74.0457781751
40.789871667,40.7799901989,-73.9283523206,-73.9176753663
40.789871667,40.7799901989,-73.9390292748,-73.9283523206
40.789871667,40.7799901989,-73.9497062291,-73.9390292748
40.789871667,40.7799901989,-73.9603831834,-73.9497062291
40.789871667,40.7799901989,-73.9710601376,-73.9603831834
40.789871667,40.7799901989,-73.9817370919,-73.9710601376
40.789871667,40.7799901989,-73.9924140461,-73.9817370919
40.789871667,40.7799901989,-74.0030910004,-73.9924140461
40.789871667,40.7799901989,-74.0137679547,-74.0030910004
40.789871667,40.7799901989,-74.0244449089,-74.0137679547
40.789871667,40.7799901989,-74.0351218632,-74.0244449089
40.789871667,40.7799901989,-74.0457988174,-74.0351218632
40.789871667,40.7799901989,-74.0564757717,-74.0457988174
40.7997531351,40.789871667,-73.9283554972,-73.9176769543
40.7997531351,40.789871667,-73.9390340402,-73.9283554972
40.7997531351,40.789871667,-73.9497125832,-73.9390340402
40.7997531351,40.789871667,-73.9603911262,-73.9497125832
40.7997531351,40.789871667,-73.9710696692,-73.9603911262
40.7997531351,40.789871667,-73.9817482121,-73.9710696692
40.7997531351,40.789871667,-73.9924267551,-73.9817482121
40.7997531351,40.789871667,-74.0031052981,-73.9924267551
40.7997531351,40.789871667,-74.0137838411,-74.0031052981
40.7997531351,40.789871667,-74.0244623841,-74.0137838411
40.7997531351,40.789871667,-74.035140927,-74.0244623841
40.7997531351,40.789871667,-74.04581947,-74.035140927
40.7997531351,40.789871667,-74.056498013,-74.04581947
40.8096346033,40.7997531351,-73.9283586755,-73.917678543
40.8096346033,40.7997531351,-73.939038808,-73.9283586755
40.8096346033,40.7997531351,-73.9497189405,-73.939038808
40.8096346033,40.7997531351,-73.9603990729,-73.9497189405
40.8096346033,40.7997531351,-73.9710792054,-73.9603990729
40.8096346033,40.7997531351,-73.9817593379,-73.9710792054
40.8096346033,40.7997531351,-73.9924394704,-73.9817593379
40.8096346033,40.7997531351,-74.0031196029,-73.9924394704
40.8096346033,40.7997531351,-74.0137997354,-74.0031196029
40.8096346033,40.7997531351,-74.0244798679,-74.0137997354
40.8096346033,40.7997531351,-74.0351600004,-74.0244798679
40.8096346033,40.7997531351,-74.0458401329,-74.0351600004
40.8096346033,40.7997531351,-74.0565202654,-74.0458401329
40.8195160714,40.8096346033,-73.9283618553,-73.9176801325
40.8195160714,40.8096346033,-73.9390435781,-73.9283618553
40.8195160714,40.8096346033,-73.9497253009,-73.9390435781
40.8195160714,40.8096346033,-73.9604070237,-73.9497253009
40.8195160714,40.8096346033,-73.9710887465,-73.9604070237
40.8195160714,40.8096346033,-73.9817704692,-73.9710887465
40.8195160714,40.8096346033,-73.992452192,-73.9817704692
40.8195160714,40.8096346033,-74.0031339148,-73.992452192
40.8195160714,40.8096346033,-74.0138156376,-74.0031339148
40.8195160714,40.8096346033,-74.0244973604,-74.0138156376
40.8195160714,40.8096346033,-74.0351790832,-74.0244973604
40.8195160714,40.8096346033,-74.045860806,-74.0351790832
40.8195160714,40.8096346033,-74.0565425288,-74.045860806
40.8293975395,40.8195160714,-73.9283650367,-73.9176817228
40.8293975395,40.8195160714,-73.9390483506,-73.9283650367
40.8293975395,40.8195160714,-73.9497316644,-73.9390483506
40.8293975395,40.8195160714,-73.9604149783,-73.9497316644
40.8293975395,40.8195160714,-73.9710982922,-73.9604149783
40.8293975395,40.8195160714,-73.9817816061,-73.9710982922
40.8293975395,40.8195160714,-73.99246492,-73.9817816061
40.8293975395,40.8195160714,-74.0031482339,-73.99246492
40.8293975395,40.8195160714,-74.0138315478,-74.0031482339
40.8293975395,40.8195160714,-74.0245148616,-74.0138315478
40.8293975395,40.8195160714,-74.0351981755,-74.0245148616
40.8293975395,40.8195160714,-74.0458814894,-74.0351981755
40.8293975395,40.8195160714,-74.0565648033,-74.0458814894
40.8392790076,40.8293975395,-73.9283682197,-73.9176833139
40.8392790076,40.8293975395,-73.9390531254,-73.9283682197
40.8392790076,40.8293975395,-73.9497380312,-73.9390531254
40.8392790076,40.8293975395,-73.960422937,-73.9497380312
40.8392790076,40.8293975395,-73.9711078427,-73.960422937
40.8392790076,40.8293975395,-73.9817927485,-73.9711078427
40.8392790076,40.8293975395,-73.9924776543,-73.9817927485
40.8392790076,40.8293975395,-74.00316256,-73.9924776543
40.8392790076,40.8293975395,-74.0138474658,-74.00316256
40.8392790076,40.8293975395,-74.0245323716,-74.0138474658
40.8392790076,40.8293975395,-74.0352172774,-74.0245323716
40.8392790076,40.8293975395,-74.0459021831,-74.0352172774
40.8392790076,40.8293975395,-74.0565870889,-74.0459021831
40.8491604758,40.8392790076,-73.9283714042,-73.9176849058
40.8491604758,40.8392790076,-73.9390579027,-73.9283714042
40.8491604758,40.8392790076,-73.9497444011,-73.9390579027
40.8491604758,40.8392790076,-73.9604308996,-73.9497444011
40.8491604758,40.8392790076,-73.971117398,-73.9604308996
40.8491604758,40.8392790076,-73.9818038965,-73.971117398
40.8491604758,40.8392790076,-73.9924903949,-73.9818038965
40.8491604758,40.8392790076,-74.0031768934,-73.9924903949
40.8491604758,40.8392790076,-74.0138633918,-74.0031768934
40.8491604758,40.8392790076,-74.0245498903,-74.0138633918
40.8491604758,40.8392790076,-74.0352363887,-74.0245498903
40.8491604758,40.8392790076,-74.0459228871,-74.0352363887
40.8491604758,40.8392790076,-74.0566093856,-74.0459228871
40.8590419439,40.8491604758,-73.9283745904,-73.9176864984
40.8590419439,40.8491604758,-73.9390626823,-73.9283745904
40.8590419439,40.8491604758,-73.9497507742,-73.9390626823
40.8590419439,40.8491604758,-73.9604388661,-73.9497507742
40.8590419439,40.8491604758,-73.971126958,-73.9604388661
40.8590419439,40.8491604758,-73.98181505,-73.971126958
40.8590419439,40.8491604758,-73.9925031419,-73.98181505
40.8590419439,40.8491604758,-74.0031912338,-73.9925031419
40.8590419439,40.8491604758,-74.0138793257,-74.0031912338
40.8590419439,40.8491604758,-74.0245674176,-74.0138793257
40.8590419439,40.8491604758,-74.0352555096,-74.0245674176
40.8590419439,40.8491604758,-74.0459436015,-74.0352555096
40.8590419439,40.8491604758,-74.0566316934,-74.0459436015
40.868923412,40.8590419439,-73.9283777781,-73.9176880919
40.868923412,40.8590419439,-73.9390674643,-73.9283777781
40.868923412,40.8590419439,-73.9497571505,-73.9390674643
40.868923412,40.8590419439,-73.9604468366,-73.9497571505
40.868923412,40.8590419439,-73.9711365228,-73.9604468366
40.868923412,40.8590419439,-73.981826209,-73.9711365228
40.868923412,40.8590419439,-73.9925158952,-73.981826209
40.868923412,40.8590419439,-74.0032055814,-73.9925158952
40.868923412,40.8590419439,-74.0138952676,-74.0032055814
40.868923412,40.8590419439,-74.0245849537,-74.0138952676
40.868923412,40.8590419439,-74.0352746399,-74.0245849537
40.868923412,40.8590419439,-74.0459643261,-74.0352746399
40.868923412,40.8590419439,-74.0566540123,-74.0459643261
40.8788048801,40.868923412,-73.9283809674,-73.9176896862
40.8788048801,40.868923412,-73.9390722487,-73.9283809674
40.8788048801,40.868923412,-73.9497635299,-73.9390722487
40.8788048801,40.868923412,-73.9604548111,-73.9497635299
40.8788048801,40.868923412,-73.9711460924,-73.9604548111
40.8788048801,40.868923412,-73.9818373736,-73.9711460924
40.8788048801,40.868923412,-73.9925286549,-73.9818373736
40.8788048801,40.868923412,-74.0032199361,-73.9925286549
40.8788048801,40.868923412,-74.0139112173,-74.0032199361
40.8788048801,40.868923412,-74.0246024986,-74.0139112173
40.8788048801,40.868923412,-74.0352937798,-74.0246024986
40.8788048801,40.868923412,-74.0459850611,-74.0352937798
40.8788048801,40.868923412,-74.0566763423,-74.0459850611
40.8886863483,40.8788048801,-73.9283841583,-73.9176912812
40.8886863483,40.8788048801,-73.9390770354,-73.9283841583
40.8886863483,40.8788048801,-73.9497699125,-73.9390770354
40.8886863483,40.8788048801,-73.9604627896,-73.9497699125
40.8886863483,40.8788048801,-73.9711556667,-73.9604627896
40.8886863483,40.8788048801,-73.9818485438,-73.9711556667
40.8886863483,40.8788048801,-73.9925414209,-73.9818485438
40.8886863483,40.8788048801,-74.003234298,-73.9925414209
40.8886863483,40.8788048801,-74.0139271751,-74.003234298
40.8886863483,40.8788048801,-74.0246200521,-74.0139271751
40.8886863483,40.8788048801,-74.0353129292,-74.0246200521
40.8886863483,40.8788048801,-74.0460058063,-74.0353129292
40.8886863483,40.8788048801,-74.0566986834,-74.0460058063
